AL,4903185,39.4,3,13
AL,4903185,39.4,4,256
AL,4903185,39.4,5,360
AL,4903185,39.4,6,319
AL,4903185,39.4,7,632
AK,731545,35.0,3,3
AK,731545,35.0,4,6
AK,731545,35.0,5,1
AK,731545,35.0,6,2
AK,731545,35.0,7,10
AZ,7278717,38.2,3,24
AZ,7278717,38.2,4,294
AZ,7278717,38.2,5,592
AZ,7278717,38.2,6,722
AZ,7278717,38.2,7,2060
AR,3017804,38.5,3,8
AR,3017804,38.5,4,53
AR,3017804,38.5,5,72
AR,3017804,38.5,6,136
AR,3017804,38.5,7,182
CA,39512223,37.0,3,183
CA,39512223,37.0,4,1846
CA,39512223,37.0,5,2140
CA,39512223,37.0,6,1910
CA,39512223,37.0,7,3143
CO,5758736,37.1,3,69
CO,5758736,37.1,4,707
CO,5758736,37.1,5,668
CO,5758736,37.1,6,235
CO,5758736,37.1,7,158
CT,3565287,41.1,3,69
CT,3565287,41.1,4,2188
CT,3565287,41.1,5,1685
CT,3565287,41.1,6,378
CT,3565287,41.1,7,111
DE,973764,41.1,3,10
DE,973764,41.1,4,142
DE,973764,41.1,5,214
DE,973764,41.1,6,141
DE,973764,41.1,7,76
DC,705749,34.2,3,11
DC,705749,34.2,4,213
DC,705749,34.2,5,242
DC,705749,34.2,6,85
DC,705749,34.2,7,34
FL,21477737,42.5,3,85
FL,21477737,42.5,4,1182
FL,21477737,42.5,5,1183
FL,21477737,42.5,6,1053
FL,21477737,42.5,7,3340
GA,10617423,37.1,3,125
GA,10617423,37.1,4,1000
GA,10617423,37.1,5,913
GA,10617423,37.1,6,769
GA,10617423,37.1,7,944
HI,1415872,39.6,3,1
HI,1415872,39.6,4,15
HI,1415872,39.6,5,1
HI,1415872,39.6,6,1
HI,1415872,39.6,7,8
ID,1787065,36.9,3,9
ID,1787065,36.9,4,53
ID,1787065,36.9,5,20
ID,1787065,36.9,6,10
ID,1787065,36.9,7,97
IL,12671821,38.6,3,99
IL,12671821,38.6,4,2255
IL,12671821,38.6,5,3035
IL,12671821,38.6,6,1532
IL,12671821,38.6,7,573
IN,6732219,37.9,3,90
IN,6732219,37.9,4,917
IN,6732219,37.9,5,959
IN,6732219,37.9,6,481
IN,6732219,37.9,7,321
IA,3155070,38.5,3,7
IA,3155070,38.5,4,155
IA,3155070,38.5,5,370
IA,3155070,38.5,6,181
IA,3155070,38.5,7,152
KS,2913314,37.1,3,10
KS,2913314,37.1,4,125
KS,2913314,37.1,5,78
KS,2913314,37.1,6,62
KS,2913314,37.1,7,81
KY,4467673,39.1,3,18
KY,4467673,39.1,4,222
KY,4467673,39.1,5,191
KY,4467673,39.1,6,133
KY,4467673,39.1,7,167
LA,4648794,37.5,3,238
LA,4648794,37.5,4,1620
LA,4648794,37.5,5,825
LA,4648794,37.5,6,429
LA,4648794,37.5,7,723
ME,1344212,45.0,3,5
ME,1344212,45.0,4,48
ME,1344212,45.0,5,36
ME,1344212,45.0,6,16
ME,1344212,45.0,7,18
MD,6045680,39.1,3,17
MD,6045680,39.1,4,968
MD,6045680,39.1,5,1448
MD,6045680,39.1,6,795
MD,6045680,39.1,7,319
MA,6892503,39.6,3,89
MA,6892503,39.6,4,3473
MA,6892503,39.6,5,3284
MA,6892503,39.6,6,1206
MA,6892503,39.6,7,557
MI,9986857,39.9,3,259
MI,9986857,39.9,4,3532
MI,9986857,39.9,5,1700
MI,9986857,39.9,6,701
MI,9986857,39.9,7,254
MN,5639632,38.3,3,10
MN,5639632,38.3,4,332
MN,5639632,38.3,5,696
MN,5639632,38.3,6,402
MN,5639632,38.3,7,160
MS,2976149,38.0,3,18
MS,2976149,38.0,4,242
MS,2976149,38.0,5,474
MS,2976149,38.0,6,339
MS,2976149,38.0,7,551
MO,6137428,38.9,3,14
MO,6137428,38.9,4,317
MO,6137428,38.9,5,440
MO,6137428,38.9,6,252
MO,6137428,38.9,7,220
MT,1068778,40.1,3,4
MT,1068778,40.1,4,13
MT,1068778,40.1,5,1
MT,1068778,40.1,6,5
MT,1068778,40.1,7,38
NE,1934408,36.8,3,4
NE,1934408,36.8,4,68
NE,1934408,36.8,5,92
NE,1934408,36.8,6,103
NE,1934408,36.8,7,66
NV,3080156,38.3,3,26
NV,3080156,38.3,4,227
NV,3080156,38.3,5,176
NV,3080156,38.3,6,78
NV,3080156,38.3,7,323
NH,1359711,43.1,3,3
NH,1359711,43.1,4,69
NH,1359711,43.1,5,173
NH,1359711,43.1,6,126
NH,1359711,43.1,7,44
NJ,8882190,40.1,3,265
NJ,8882190,40.1,4,6966
NJ,8882190,40.1,5,4465
NJ,8882190,40.1,6,3339
NJ,8882190,40.1,7,767
NM,2096829,38.4,3,5
NM,2096829,38.4,4,118
NM,2096829,38.4,5,233
NM,2096829,38.4,6,141
NM,2096829,38.4,7,145
NY,19453561,39.2,3,1991
NY,19453561,39.2,4,21418
NY,19453561,39.2,5,6226
NY,19453561,39.2,6,2141
NY,19453561,39.2,7,595
NC,10488084,39.1,3,8
NC,10488084,39.1,4,369
NC,10488084,39.1,5,498
NC,10488084,39.1,6,459
NC,10488084,39.1,7,588
ND,762062,35.3,3,3
ND,762062,35.3,4,16
ND,762062,35.3,5,40
ND,762062,35.3,6,20
ND,762062,35.3,7,24
OH,11689100,39.5,3,55
OH,11689100,39.5,4,920
OH,11689100,39.5,5,1176
OH,11689100,39.5,6,711
OH,11689100,39.5,7,623
OK,3956971,36.9,3,23
OK,3956971,36.9,4,199
OK,3956971,36.9,5,111
OK,3956971,36.9,6,54
OK,3956971,36.9,7,154
OR,4217737,39.6,3,18
OR,4217737,39.6,4,85
OR,4217737,39.6,5,50
OR,4217737,39.6,6,54
OR,4217737,39.6,7,114
PA,12801989,40.8,3,63
PA,12801989,40.8,4,2227
PA,12801989,40.8,5,3246
PA,12801989,40.8,6,1112
PA,12801989,40.8,7,541
RI,1059361,40.1,3,8
RI,1059361,40.1,4,258
RI,1059361,40.1,5,454
RI,1059361,40.1,6,230
RI,1059361,40.1,7,43
SC,5148714,39.9,3,22
SC,5148714,39.9,4,222
SC,5148714,39.9,5,250
SC,5148714,39.9,6,241
SC,5148714,39.9,7,911
SD,884659,37.4,3,1
SD,884659,37.4,4,16
SD,884659,37.4,5,43
SD,884659,37.4,6,31
SD,884659,37.4,7,39
TN,6829174,39.0,3,22
TN,6829174,39.0,4,177
TN,6829174,39.0,5,165
TN,6829174,39.0,6,233
TN,6829174,39.0,7,463
TX,28995881,35.0,3,50
TX,28995881,35.0,4,730
TX,28995881,35.0,5,874
TX,28995881,35.0,6,725
TX,28995881,35.0,7,4188
UT,3205958,31.3,3,4
UT,3205958,31.3,4,42
UT,3205958,31.3,5,62
UT,3205958,31.3,6,64
UT,3205958,31.3,7,131
VT,623989,43.0,3,12
VT,623989,43.0,4,36
VT,623989,43.0,5,7
VT,623989,43.0,6,1
VT,623989,43.0,7,1
VA,8535519,38.6,3,27
VA,8535519,38.6,4,525
VA,8535519,38.6,5,814
VA,8535519,38.6,6,389
VA,8535519,38.6,7,411
WA,7614893,37.8,3,221
WA,7614893,37.8,4,591
WA,7614893,37.8,5,305
WA,7614893,37.8,6,212
WA,7614893,37.8,7,232
WV,1792147,42.9,3,1
WV,1792147,42.9,4,43
WV,1792147,42.9,5,29
WV,1792147,42.9,6,20
WV,1792147,42.9,7,23
WI,5822434,39.8,3,16
WI,5822434,39.8,4,300
WI,5822434,39.8,5,276
WI,5822434,39.8,6,192
WI,5822434,39.8,7,149
WY,578759,38.4,3,0
WY,578759,38.4,4,7
WY,578759,38.4,5,8
WY,578759,38.4,6,5
WY,578759,38.4,7,5
